537.32
476.09
488.32
528.91
441.43
557.53
499.00
384.68
518.73
534.95
Mean 496.696762	 	Std Dev 52.110359	 
Min: 384.678093	 
Max: 557.528130	 
2000000000000000.00
2000000000000000.00
2000000000000000.00
2000000000000000.00
2000000000000000.00
2000000000000000.00
2000000000000000.00
2000000000000000.00
2000000000000000.00
2000000000000000.00
Mean 2000000000000000.000000	 	Std Dev 0.000000	 
Min: 2000000000000000.000000	 
Max: 2000000000000000.000000	 
384.68
384.68
392.90
384.68
384.68
392.90
392.90
392.90
384.68
390.30
Mean 388.529871	 	Std Dev 4.133627	 
Min: 384.678093	 
Max: 392.902219	 
