571.95
705.38
731.55
751.61
702.92
689.94
734.04
692.29
580.82
573.49
Mean 673.399169	 	Std Dev 70.352685	 
Min: 571.947383	 
Max: 751.610888	 
693.73
705.38
728.73
751.61
573.49
625.36
573.49
692.29
625.36
695.85
Mean 666.530103	 	Std Dev 62.879231	 
Min: 573.486649	 
Max: 751.610888	 
693.73
705.38
728.73
751.61
573.49
625.36
573.49
692.29
625.36
695.85
Mean 666.530103	 	Std Dev 62.879231	 
Min: 573.486649	 
Max: 751.610888	 
571.95
705.38
731.55
751.61
702.92
689.94
734.04
692.29
580.82
573.49
Mean 673.399169	 	Std Dev 70.352685	 
Min: 571.947383	 
Max: 751.610888	 
