717.03
750.64
631.91
731.70
756.89
559.02
738.56
706.82
689.06
714.83
Mean 699.646758	 	Std Dev 60.991670	 
Min: 559.017719	 
Max: 756.889540	 
549.46
750.64
515.62
549.52
756.89
746.75
738.56
557.62
689.06
696.31
Mean 655.041852	 	Std Dev 99.427887	 
Min: 515.616257	 
Max: 756.889540	 
549.46
750.64
515.62
549.52
756.89
746.75
738.56
557.62
689.06
696.31
Mean 655.041852	 	Std Dev 99.427887	 
Min: 515.616257	 
Max: 756.889540	 
549.46
750.64
515.62
549.52
756.89
746.75
738.56
557.62
689.06
696.31
Mean 655.041852	 	Std Dev 99.427887	 
Min: 515.616257	 
Max: 756.889540	 
549.46
549.46
750.64
515.62
549.52
756.89
746.75
738.56
557.62
689.06
696.31
Mean 655.041852	 	Std Dev 99.427887	 
Min: 515.616257	 
Max: 756.889540	 
549.46
750.64
515.62
549.52
756.89
746.75
738.56
557.62
689.06
696.31
Mean 655.041852	 	Std Dev 99.427887	 
Min: 515.616257	 
Max: 756.889540	 
549.46
750.64
515.62
549.52
756.89
746.75
738.56
557.62
689.06
696.31
Mean 655.041852	 	Std Dev 99.427887	 
Min: 515.616257	 
Max: 756.889540	 
