1023.53
1051.38
1067.41
986.43
1043.20
1021.19
1036.72
1016.11
1057.72
1025.75
Mean 1032.944771	 	Std Dev 23.538665	 
Min: 986.426748	 
Max: 1067.406810	 
1023.53
1051.38
1067.41
986.43
1043.20
1021.19
1036.72
1016.11
1057.72
1025.75
Mean 1032.944771	 	Std Dev 23.538665	 
Min: 986.426748	 
Max: 1067.406810	 
844.25
1051.38
1067.41
844.25
1043.20
1021.19
1036.72
1016.11
1056.19
1025.75
Mean 1000.646006	 	Std Dev 83.956365	 
Min: 844.252324	 
Max: 1067.406810	 
844.25
1051.38
1067.41
844.25
1043.20
1021.19
1036.72
1016.11
1056.19
1025.75
Mean 1000.646006	 	Std Dev 83.956365	 
Min: 844.252324	 
Max: 1067.406810	 
844.25
1051.38
1067.41
844.25
1043.20
1021.19
1036.72
1016.11
1056.19
1025.75
Mean 1000.646006	 	Std Dev 83.956365	 
Min: 844.252324	 
Max: 1067.406810	 
844.25
1051.38
1067.41
844.25
1043.20
1021.19
1036.72
1016.11
1056.19
1025.75
Mean 1000.646006	 	Std Dev 83.956365	 
Min: 844.252324	 
Max: 1067.406810	 
844.25
1051.38
1067.41
844.25
1043.20
1021.19
1036.72
1016.11
1056.19
1025.75
Mean 1000.646006	 	Std Dev 83.956365	 
Min: 844.252324	 
Max: 1067.406810	 
